17
40
49
65
79
98
116
120
134
137
137
150
159
161
168
169
184
192
198
237
256
257
258
271
274
283
285
301
301
303
317
327
343
347
368
378
387
397
404
418
427
442
445
446
459
483
484
489
490
523
526
529
533
534
539
539
539
543
546
562
569
576
580
598
613
614
616
655
659
670
680
687
688
703
710
713
719
746
780
783
807
813
821
825
826
851
856
896
903
921
936
945
949
955
958
959
968
983
997
1004
1006
1023
1039
1076
1080
1095
1115
1118
1128
1133
1144
1149
1165
1174
1195
1198
1200
1209
1247
1258
1267
1272
1283
1288
1290
1329
1352
1357
1360
1362
1365
1370
1376
1416
1428
1433
1441
1457
1461
1467
1500
1552
1562
1566
1566
1569
1570
1575
1584
1621
1643
1644
1645
1653
1663
1671
1673
1677
1678
1680
1681
1686
1693
1693
1696
1702
1704
1719
1738
1761
1762
1764
1764
1782
1795
1802
1808
1816
1830
1838
1844
1859
1864
1878
1879
1880
1887
1902
1922
1938
1974
2028
2032
2036
2039
2055
2073
2074
2075
2079
2097
2112
2115
2128
2131
2133
2144
2146
2163
2175
2175
2177
2183
2192
2219
2220
2230
2232
2238
2246
2268
2273
2275
2275
2286
2307
2326
2343
2347
2371
2375
2395
2398
2400
2401
2406
2407
2422
2425
2425
2428
2432
2438
2441
2460
2463
2488
2502
2526
2527
2529
2540
2545
2568
2631
2636
2638
2641
2646
2648
2652
2672
2692
2701
2719
2726
2728
2749
2769
2772
2776
2799
2805
2805
2818
2821
2864
2865
2871
2883
2892
2906
2915
2954
2980
2987
3004
3007
3011
3014
3028
3032
3033
3041
3056
3080
3085
3149
3160
3167
3173
3176
3178
3195
3203
3211
3221
3244
3254
3260
3279
3283
3290
3300
3323
3324
3331
3340
3344
3357
3376
3379
3381
3395
3410
3418
3431
3443
3448
3450
3458
3464
3474
3489
3507
3508
3508
3522
3527
3542
3545
3548
3553
3553
3556
3576
3617
3630
3633
3646
3654
3656
3662
3670
3674
3682
3683
3684
3688
3690
3693
3696
3696
3719
3742
3743
3748
3768
3787
3794
3808
3819
3823
3840
3850
3864
3867
3874
3881
3902
3905
3915
3928
3956
3956
3970
3973
3973
3975
3982
3982
3986
3990
3990
3996
3998
3999
4008
4010
4021
4023
4026
4036
4047
4085
4094
4095
4098
4105
4139
4147
4154
4163
4164
4167
4167
4178
4199
4202
4202
4212
4215
4216
4224
4241
4251
4267
4291
4292
4305
4306
4308
4330
4334
4341
4397
4399
4406
4409
4409
4422
4423
4452
4468
4471
4476
4480
4503
4507
4541
4542
4576
4582
4594
4595
4604
4612
4621
4622
4632
4649
4661
4677
4680
4704
4730
4731
4733
4733
4733
4747
4755
4767
4798
4811
4818
4823
4827
4828
4854
4866
4874
4903
4905
4912
4918
4928
4938
4952
4960
4965
4971
4977
4985
4992
4995
4997
5005
5006
5050
5060
5061
5064
5089
5092
5097
5099
5100
5119
5130
5132
5147
5148
5160
5175
5207
5209
5217
5219
5221
5228
5236
5244
5258
5260
5264
5294
5311
5313
5338
5350
5369
5389
5397
5402
5406
5412
5434
5452
5473
5481
5481
5483
5496
5504
5524
5528
5533
5545
5561
5579
5580
5581
5581
5586
5588
5591
5605
5619
5637
5649
5652
5674
5689
5705
5721
5721
5741
5756
5757
5757
5785
5788
5789
5793
5796
5807
5812
5834
5839
5853
5858
5880
5881
5882
5904
5905
5912
5923
5934
5958
5969
5987
6004
6011
6034
6043
6049
6049
6057
6063
6099
6109
6120
6122
6126
6133
6134
6148
6152
6153
6165
6170
6172
6180
6195
6198
6219
6226
6230
6235
6294
6304
6308
6313
6338
6344
6346
6348
6351
6370
6373
6387
6405
6413
6417
6420
6422
6427
6437
6457
6459
6471
6482
6484
6488
6493
6493
6495
6499
6516
6535
6566
6571
6574
6613
6614
6617
6624
6631
6639
6646
6657
6668
6678
6683
6685
6705
6715
6716
6733
6743
6750
6759
6759
6763
6764
6770
6780
6809
6810
6843
6847
6854
6867
6871
6871
6873
6884
6892
6897
6900
6907
6917
6918
6931
6937
6948
6952
6971
7006
7012
7018
7038
7044
7055
7055
7069
7073
7087
7090
7112
7114
7117
7118
7134
7135
7142
7157
7159
7165
7181
7189
7234
7237
7257
7276
7306
7327
7332
7337
7341
7347
7349
7354
7382
7384
7390
7411
7419
7446
7469
7481
7481
7496
7503
7514
7522
7523
7530
7537
7541
7545
7546
7569
7572
7581
7591
7608
7626
7668
7690
7709
7729
7734
7737
7739
7761
7772
7832
7833
7860
7869
7876
7887
7903
7912
7948
7954
7965
7970
8003
8012
8013
8014
8043
8048
8053
8055
8056
8073
8082
8091
8110
8118
8121
8126
8168
8173
8174
8198
8211
8214
8218
8218
8232
8240
8260
8276
8281
8292
8300
8316
8324
8339
8364
8368
8369
8377
8389
8390
8393
8393
8406
8424
8431
8444
8452
8470
8493
8505
8506
8511
8513
8518
8524
8531
8534
8539
8549
8563
8567
8571
8573
8581
8585
8586
8596
8604
8608
8610
8612
8613
8616
8625
8626
8633
8645
8655
8657
8668
8671
8695
8715
8737
8746
8768
8771
8772
8772
8788
8791
8796
8798
8800
8825
8828
8830
8831
8832
8837
8886
8912
8949
8950
8960
8979
8982
8992
9014
9018
9036
9037
9042
9047
9065
9072
9080
9085
9091
9105
9111
9112
9117
9118
9148
9154
9158
9163
9169
9177
9186
9218
9235
9237
9244
9255
9258
9283
9284
9291
9294
9299
9312
9341
9343
9349
9358
9358
9370
9395
9400
9401
9411
9430
9436
9437
9485
9492
9519
9527
9530
9537
9543
9579
9581
9585
9598
9606
9612
9620
9626
9631
9637
9647
9649
9652
9661
9663
9667
9668
9672
9681
9681
9688
9690
9693
9698
9720
9735
9737
9737
9742
9743
9745
9747
9758
9761
9762
9766
9773
9790
9796
9799
9806
9807
9825
9825
9833
9849
9853
9861
9871
9885
9894
9951
9957
9973
9981
9999
