3970
1704
6763
7503
4818
7887
5092
5812
3556
3975
3990
2343
2133
5561
8950
7737
7349
7739
7833
546
4167
1795
6867
8174
2406
8406
4167
1764
3041
2529
7306
1023
9999
2805
6134
7626
8768
2230
1362
1762
9981
5881
6049
5637
6764
670
8960
6308
6937
1677
5591
4308
2275
274
4215
6809
7234
9294
1004
368
5481
5313
4854
8368
2395
2987
3331
6843
8612
9762
1290
3410
8012
8424
6457
6413
1200
1128
6471
9065
9585
4594
9312
1370
9637
5089
6917
6733
5741
8832
8214
5652
7608
8377
1283
9688
7157
3033
137
9606
3902
8232
8539
2177
2075
6900
8389
9543
3956
5100
327
9743
4036
4409
4164
7690
719
539
713
9485
301
949
8531
5958
8912
9747
2175
3489
2275
9668
5605
8596
1643
7523
2906
7903
7055
958
5923
5689
4095
3279
1174
1621
936
1365
2398
2371
6133
7546
5338
8695
3211
5294
1095
8626
7522
3654
2540
746
5674
2728
4094
9283
7514
5228
3004
9186
9612
2112
8610
6152
116
1693
6871
959
1569
9018
4995
5853
3542
2039
7530
7237
4733
5619
9437
9745
9667
184
4085
9957
9244
1457
1680
2079
3662
5402
258
1428
2631
9154
4928
4147
1288
8772
8082
3956
8511
8056
1133
5579
7948
533
6574
2892
1974
5904
8506
3553
9218
7572
484
9047
3254
4582
257
198
4468
3996
9036
3014
3458
710
7118
8788
7832
1808
2425
5236
6566
8055
2692
4632
5258
903
8211
7709
5132
5788
4767
6427
1115
7142
5160
6931
6344
6871
3474
9766
7734
1719
2400
150
8003
404
2163
9737
6631
285
8364
8118
4021
780
7134
5757
6493
523
7189
8316
8616
8300
2526
4903
2146
5545
8126
8534
4798
2183
1686
3011
3982
9796
5721
3743
659
2527
6499
2286
6482
4306
8668
5533
2055
7135
4471
3553
5580
5452
3080
6405
9299
9807
6683
9358
283
4604
6759
3300
4918
2864
1080
5350
40
7668
7569
3999
4026
576
5528
1467
4747
5099
5175
9235
3381
2131
490
9626
4731
3178
3028
2401
3874
6907
6099
7069
9735
6153
6120
6854
8110
4755
6952
687
4178
9177
5524
7257
8173
7114
5839
4811
6678
2818
3379
5060
6043
17
4267
4212
4649
9790
2432
3344
3864
4622
2646
9681
1566
3195
9401
7869
2268
4409
168
5858
4305
921
5504
5148
4010
2219
6226
4330
3688
9085
192
9825
4105
317
3794
5221
2192
1844
2954
3881
4423
378
8260
1693
1562
9343
347
8218
2488
2460
6495
2407
6338
1696
1653
6437
5969
8645
1678
2326
7965
688
9118
539
826
3221
4827
616
5880
6971
4866
7117
8121
5061
825
7347
3684
4216
562
7165
3693
6743
2568
1879
9693
7537
1247
2347
3450
5244
6346
9894
6614
1838
1782
9849
2915
9579
3448
543
5473
7073
6148
9400
1938
120
5217
3167
7038
2648
9349
8830
1584
8837
2307
1272
5581
4612
7860
4154
4677
9663
3203
4985
3508
3905
4595
9871
8715
8633
7044
1830
5882
1566
4680
9105
4507
4399
8586
1738
3819
3085
3823
4828
4047
6294
8549
6516
1880
8452
9169
8571
8324
2980
6049
8240
3395
3982
3840
807
6571
5006
9112
3576
9581
9519
3376
3173
8513
6613
2097
6657
5147
1461
2441
9530
9148
1165
9885
4938
1267
5757
9237
5496
3808
8671
5209
5097
8218
9825
8573
6780
1416
6847
5260
1144
9436
1681
2422
7055
301
6484
7481
1570
7354
6011
8657
9258
2636
4291
8772
9037
7327
2652
1673
4952
7341
5264
9042
2273
4730
5481
6716
3324
8791
3431
5389
2428
6770
4733
7581
3522
6109
6122
2821
2115
5586
8493
3357
680
6034
3850
8608
1702
4241
6750
8505
2719
2375
489
2641
3418
4541
446
1645
2073
3973
7545
851
8091
4905
8886
9647
9833
8390
534
8581
2871
4251
169
8014
6873
8292
7337
7411
4476
4823
2074
2128
5649
1864
4334
4977
598
8796
8798
6948
5064
3742
6705
7112
5005
8281
3696
6624
9681
968
1360
3290
2749
4397
9370
2769
3656
8567
1500
3990
387
3646
1258
9620
5412
4965
4406
5434
7446
8043
6884
1195
6617
7181
9255
3545
4503
3748
3176
3548
7481
4202
9672
6892
9598
4661
5785
2701
4202
2502
7332
161
9411
8444
8013
6348
2726
7276
539
4912
8470
9358
303
4992
2238
3682
98
3630
9430
3260
8048
1761
1006
8393
9758
6918
9291
8563
945
1441
5912
5905
5050
6219
3690
3527
6387
2425
9158
4452
5207
5311
5406
4480
8828
9742
445
65
1802
1922
1575
1352
2463
6304
6313
4542
3160
2772
3973
7006
1644
7496
8771
5807
7761
1552
4874
3928
6370
6646
1357
6230
1076
134
9649
783
8737
5987
3683
5721
237
7419
3464
7970
2232
4971
529
1878
3915
4341
7541
9395
4997
6172
8339
3787
8992
6668
580
3056
7159
1887
856
3674
2545
6459
614
821
4139
9761
8625
1663
9698
3633
1764
9341
9973
9951
8613
703
526
4960
5588
9014
1433
4621
8746
3719
2883
5705
6170
7090
5219
983
8949
6235
7390
4576
3696
7384
7912
5369
9806
9773
4098
7772
9631
4199
3508
9091
8276
4008
955
7018
9652
1149
8168
6351
5756
1118
6165
6897
3768
2036
2028
2672
3007
1329
8831
7591
8524
7087
8518
6126
8979
459
442
5130
5483
4422
2144
9737
2799
3323
8604
6488
8369
6195
3867
4704
6063
4023
9661
7012
137
9690
1209
1671
4163
1902
9117
2220
6759
5397
6685
9527
3617
2175
397
2865
5793
6493
8393
6417
8053
6420
6422
5581
4292
5119
2638
159
2032
6535
8431
343
5834
8073
3283
3244
896
418
6180
427
569
9111
9853
9720
49
271
79
8800
3507
9080
2438
6810
7382
3998
1039
997
9163
9799
3670
2246
3032
6004
9284
6639
2805
256
7954
7469
7876
7729
6715
6057
613
1198
5789
8198
4733
1376
1859
2776
4224
5934
483
5796
655
3443
8585
8825
9537
9492
1816
3149
3340
813
3986
9861
6198
8982
9072
8655
6373
